22
28
21
32
13
20
4
47
40
49
38
1
23
28
26
41
26
7
37
43
3
43
19
33
9
35
27
17
39
43
31
10
1
41
22
29
7
42
47
36
48
16
48
18
6
49
49
13
11
47
13
9
27
19
48
44
30
47
41
34
41
1
24
38
36
7
3
33
41
35
43
11
48
14
40
9
3
17
26
44
20
44
24
17
41
37
31
11
9
16
4
24
27
25
6
16
32
40
46
25
35
9
26
11
23
9
33
6
2
41
25
4
29
43
9
47
42
46
37
34
22
3
37
33
41
40
45
23
8
22
31
41
12
23
28
41
33
19
34
8
49
17
10
25
16
23
5
1
28
11
15
7
11
10
44
36
35
31
22
25
14
10
4
41
42
1
49
3
44
21
25
23
7
3
20
15
30
18
38
20
44
28
30
40
13
35
45
24
30
34
7
24
23
29
20
21
3
45
7
18
16
4
1
15
8
30
13
16
37
16
20
17
4
7
12
12
5
45
24
14
28
2
20
33
19
16
45
4
1
34
30
41
40
2
26
21
34
15
21
33
17
9
2
13
16
13
10
17
2
1
41
17
1
19
37
12
4
32
23
37
4
11
36
15
14
27
2
24
3
31
23
27
26
5
45
44
20
23
22
38
32
3
10
24
25
38
23
8
22
29
45
2
40
1
49
46
2
22
46
42
16
8
24
12
28
10
12
32
44
41
26
27
10
49
28
43
43
23
9
20
40
42
47
37
5
29
48
39
27
21
40
31
25
21
49
25
28
21
49
3
22
26
26
43
30
7
31
16
31
6
3
16
42
26
11
21
33
14
16
2
20
27
26
44
2
15
2
49
28
21
10
37
12
38
14
17
22
35
1
30
30
11
44
19
36
26
22
23
35
9
9
47
26
45
30
11
27
25
30
8
36
5
12
21
46
42
41
8
16
36
40
2
36
33
38
49
27
39
4
13
38
17
32
32
31
38
41
24
39
20
13
13
46
48
29
13
29
23
5
43
24
9
11
26
11
37
36
41
43
7
4
31
4
14
34
28
44
34
5
41
2
48
1
31
27
6
34
20
4
17
41
9
28
18
28
28
44
14
37
5
41
8
47
28
37
32
8
32
49
4
25
47
19
11
23
16
19
7
7
44
28
3
40
2
39
25
28
33
43
49
6
14
3
18
49
7
35
13
7
24
14
47
35
33
31
26
8
37
2
29
7
35
19
10
17
2
13
34
37
4
19
11
42
5
12
33
45
38
23
12
26
40
10
48
27
28
10
30
14
44
21
21
3
1
2
29
40
49
25
44
9
28
42
38
24
28
33
3
27
30
15
28
38
13
5
30
41
7
21
22
22
26
24
44
22
44
24
1
41
42
17
22
25
30
19
5
2
28
11
27
45
16
40
37
5
16
6
32
28
47
1
30
45
37
12
28
7
3
38
48
12
37
2
31
6
40
11
38
18
20
21
18
27
46
22
40
32
30
18
3
8
14
39
36
49
39
7
32
37
47
40
41
34
18
26
26
32
24
39
49
29
38
46
16
48
8
25
27
12
16
25
43
7
36
36
19
29
6
23
28
11
7
18
5
15
29
3
8
33
29
33
31
42
46
7
31
30
38
19
42
49
1
19
23
47
20
7
1
5
31
8
37
40
38
24
5
27
17
1
46
38
43
1
17
20
5
4
36
30
15
42
32
29
24
47
4
2
2
10
15
30
16
44
36
15
25
45
37
27
35
2
7
33
11
12
48
37
10
28
28
19
4
44
33
21
8
30
28
14
28
35
33
12
47
12
21
14
31
3
35
23
14
17
45
37
18
36
8
13
33
32
46
48
16
26
41
17
23
25
21
25
47
2
1
40
12
16
34
46
11
42
35
10
36
13
18
37
34
8
17
45
36
8
11
45
34
1
27
15
28
20
46
18
6
19
40
31
2
24
11
45
42
13
6
17
38
8
44
40
22
33
43
9
39
34
18
12
46
17
30
27
22
26
40
26
10
14
18
37
45
17
23
24
23
33
40
18
8
23
45
30
6
30
20
25
4
37
49
40
40
40
2
45
2
40
40
42
10
19
18
15
49
6
4
48
14
41
14
4
7
1
30
46
3
18
26
30
30
6
44
40
22
3
16
18
38
21
43
9
27
17
28
4
48
3
20
20
14
39
46
17
48
32
7
17
19
23
38
17
15
24
33
30
27
9
48
42
12
18
12
3
16
7
1
24
21
17
16
21
36
14
36
46
46
4
1
8
7
49
33
34
24
23
37
33
18
9
6
18
15
25
3
42
18
29
6
32
15
46
16
23
1
12
1
44
10
44
34
34
31
8
10
3
26
27
24
1
22
31
28
12
10
39
3
11
43
2
17
42
40
3
38
10
33
33
30
39
23
48
23
36
7
9
24
34
35
35
33
29
46
32
48
39
6
35
31
27
8
17
44
2
21
26
26
7
39
28
6
28
17
4
27
15
37
19
29
25
24
44
8
11
2
2
18
2
43
45
48
45
33
9
38
41
8
34
33
28
29
19
31
19
17
29
28
27
27
32
39
6
41
49
41
23
30
37
39
43
47
17
36
7
10
24
6
30
7
15
35
37
9
23
22
45
48
35
3
2
47
45
46
48
1
3
42
7
15
24
17
16
33
16
28
9
22
10
32
44
22
46
37
16
34
45
12
34
1
38
19
13
20
7
4
3
18
25
47
29
30
37
18
5
36
1
17
34
42
15
24
46
3
19
9
46
30
32
18
42
12
37
46
14
14
18
21
23
31
47
14
36
17
47
44
25
46
11
13
44
22
1
12
35
11
27
16
8
15
34
26
4
12
9
19
38
46
5
24
26
10
4
12
44
22
42
22
22
7
12
21
35
14
15
7
48
49
19
36
35
45
34
24
41
23
12
18
9
9
48
23
49
49
35
36
13
38
11
44
36
27
8
25
2
43
31
38
32
4
8
12
40
22
38
16
36
35
2
21
15
44
27
46
31
11
11
27
14
23
40
38
36
7
15
42
22
47
47
34
23
36
4
37
45
48
31
31
13
29
12
49
44
47
22
35
43
28
14
3
28
15
25
34
4
21
44
32
47
25
46
26
43
11
48
46
26
19
35
11
38
25
45
44
39
15
37
3
46
36
32
12
43
20
39
4
41
23
3
24
8
4
22
13
6
15
18
14
23
4
44
44
31
35
28
45
48
20
31
4
49
48
20
36
20
13
19
8
40
2
3
4
31
9
20
37
34
49
34
24
9
7
13
28
34
34
26
33
10
42
6
16
36
7
14
19
16
42
9
8
3
9
34
11
21
11
28
25
45
35
42
47
27
30
4
32
47
35
25
37
28
13
18
39
4
34
16
43
30
8
22
37
39
46
3
8
49
17
48
38
42
21
4
31
32
3
11
28
27
37
24
7
34
21
43
49
14
16
41
34
2
42
14
42
17
13
24
48
17
40
17
35
21
17
40
4
1
22
32
32
44
31
35
36
35
36
13
20
1
22
24
15
26
11
10
25
29
17
38
19
12
26
39
2
40
33
1
38
1
11
10
11
12
13
6
15
48
37
47
8
5
14
37
29
28
20
9
8
25
2
30
36
47
35
45
36
3
30
38
34
28
29
37
48
10
18
42
29
31
6
23
42
5
43
24
26
7
41
37
4
45
30
16
13
1
49
48
6
49
34
1
3
48
8
19
23
41
14
10
36
32
38
33
40
17
30
44
10
36
46
25
8
33
38
44
30
18
33
18
4
18
17
25
27
7
34
2
5
40
4
26
37
1
11
22
22
13
45
34
41
26
7
32
38
41
40
49
25
36
8
20
33
6
32
10
20
48
12
15
5
41
48
39
30
15
15
27
44
44
4
19
20
2
49
7
6
19
10
31
42
8
44
16
44
12
22
33
9
3
23
20
46
16
40
47
11
14
48
37
47
26
24
5
12
46
32
31
28
48
10
39
46
44
9
26
32
22
27
47
23
29
12
32
44
21
4
47
42
49
25
8
12
42
3
16
46
46
29
5
25
2
1
19
43
28
29
48
4
19
18
30
46
22
20
39
43
7
45
37
36
44
44
43
29
5
43
8
29
11
29
20
9
49
41
22
26
19
22
4
7
2
32
41
36
37
45
2
28
39
25
30
48
20
22
39
34
32
8
31
13
49
42
13
1
1
23
33
15
42
25
30
12
17
31
9
47
20
8
46
36
39
35
39
33
30
35
43
2
36
20
21
29
6
28
22
2
33
49
2
27
31
7
47
24
4
7
9
26
4
24
39
42
21
41
14
14
9
29
17
3
22
39
37
38
17
26
8
31
5
41
41
47
27
21
30
38
49
18
25
12
17
6
9
44
11
44
46
12
37
38
18
26
2
42
24
37
21
5
38
20
15
42
41
22
1
40
45
19
9
26
4
4
6
9
37
25
16
40
40
41
10
17
48
12
17
25
28
34
41
24
37
28
34
48
38
48
33
36
4
40
35
45
37
36
14
49
13
15
6
8
38
17
26
34
6
43
33
3
31
28
18
4
38
13
46
42
5
48
7
38
20
37
28
13
